3763000.00     30120.00       619250.00      214400.00      486300.00      951110.00      4136900.00     3886000.00     3699200.00     310600.00      144920.00      13528.00       380.73         
2947900.00     113060.00      369400.00      52047.00       419710.00      746490.00      2665200.00     2374500.00     2102100.00     186550.00      99013.00       8746.40        116.08         
8718400.00     41947.00       807590.00      188550.00      1050100.00     1978600.00     6192700.00     5467000.00     4639200.00     550350.00      363210.00      30779.00       2499.20        
4192100.00     12173.00       525100.00      47580.00       502150.00      909370.00      3407200.00     3185100.00     2767100.00     194610.00      88455.00       4328.00        92.02          
4168800.00     38577.00       836510.00      125860.00      444320.00      852910.00      4014600.00     3925800.00     3661000.00     248840.00      110850.00      7742.60        161.22         
2580800.00     55098.00       959250.00      108250.00      336690.00      570460.00      3370600.00     3299600.00     3110700.00     171480.00      69147.00       7475.60        334.61         
2577200.00     34548.00       1298900.00     184950.00      336280.00      648180.00      4123000.00     4118300.00     3809400.00     214660.00      100410.00      4557.10        2136.90        
3340000.00     94670.00       339670.00      541160.00      128960.00      550110.00      1674600.00     1428900.00     1056100.00     288200.00      42825.00       1690.20        49.42          
18451000.00    274910.00      2487500.00     851260.00      2439200.00     5478600.00     8617200.00     5674600.00     4809200.00     2578700.00     308470.00      32898.00       19831.00       
23632000.00    502810.00      2940400.00     583990.00      3466000.00     7174400.00     9935800.00     6123200.00     5779000.00     3389400.00     461750.00      34416.00       2636.70        
139630000.00   4045100.00     10775000.00    953660.00      25214000.00    48678000.00    60806000.00    44189000.00    32420000.00    12591000.00    2476000.00     170270.00      7701.90        
88207000.00    3172400.00     4681300.00     521020.00      14936000.00    29588000.00    39505000.00    29623000.00    21996000.00    6970700.00     1535300.00     95215.00       39321.00       
48508000.00    1490100.00     1719100.00     150740.00      6246700.00     12215000.00    21252000.00    17662000.00    14072000.00    3220300.00     767810.00      30989.00       3605.70        
15517000.00    251230.00      1591200.00     99729.00       1521300.00     2848100.00     8826500.00     8408300.00     7368000.00     1083000.00     166100.00      104690.00      3998.50        
11936000.00    56044.00       2163600.00     83867.00       907130.00      1843600.00     8242400.00     8458700.00     7991500.00     1022800.00     242540.00      18126.00       1738.80        
4750000.00     20906.00       2501500.00     155070.00      468070.00      1038900.00     5960700.00     6164000.00     5904200.00     474700.00      176400.00      5632.20        670.86         
3391000.00     2679.50        1927900.00     151820.00      432630.00      822950.00      5206500.00     5214600.00     4932400.00     315600.00      137200.00      5407.60        421.59         
6430200.00     527680.00      98694.00       167510.00      278580.00      189640.00      334230.00      304600.00      278620.00      33223.00       5668.00        476.94         521.23         
8899800.00     121290.00      53830.00       33541.00       440760.00      587870.00      1811400.00     1736900.00     1852200.00     237470.00      37259.00       2195.10        245.71         
20501000.00    913580.00      185840.00      549770.00      2545900.00     2563200.00     6859200.00     7449500.00     7408800.00     1111300.00     206590.00      9708.40        1502.30        
33263000.00    163460.00      1587200.00     226860.00      4249600.00     7867300.00     15710000.00    13975000.00    14606000.00    3536400.00     391150.00      40848.00       4516.40        
37715000.00    450650.00      3398000.00     759190.00      6015000.00     12786000.00    23476000.00    19193000.00    19576000.00    4837900.00     578560.00      47873.00       2421.50        
41259000.00    109770.00      3282200.00     459160.00      5667800.00     11730000.00    21665000.00    17500000.00    17529000.00    4450900.00     531650.00      38489.00       4164.40        
24750000.00    12250.00       1737500.00     129970.00      2554900.00     4955400.00     13887000.00    13064000.00    13117000.00    2535600.00     375310.00      29273.00       2652.30        
13908000.00    129270.00      4072400.00     398640.00      1226500.00     2628500.00     13111000.00    13820000.00    13945000.00    2436100.00     328170.00      25772.00       2010.30        
13529000.00    51491.00       3586600.00     185940.00      1345300.00     2116400.00     11914000.00    12753000.00    12821000.00    2204500.00     284460.00      23048.00       1041.10        
6867000.00     89352.00       3877800.00     429760.00      664940.00      1566700.00     9550500.00     10306000.00    10510000.00    1756900.00     217260.00      10820.00       849.47         
