0.124941 0.039431 0.161014 0.108123 -0.027402 -0.161301 0.061426 -0.095161 0.223495 0.003297 0.055497 -0.097563 0.073727 -0.028588 0.001744 -0.015312 0.017352 -0.003299 0.019932 0.039720 0.061582 -0.016750 0.037823 -0.077371 0.039496 -0.067578 -0.023990 0.006654 0.030595 0.041107 0.016487 0.014426 0.018359 -0.097686 -0.040411 0.005707 -0.053262 -0.046670 -0.047155 0.005389 0.023699 -0.042790 -0.087691 0.092722 -0.019023 0.038837 -0.063955 -0.028023 0.118720 0.135307 -0.066673 -0.086138 -0.036348 -0.050507 0.032584 -0.028395 -0.005439 0.016329 -0.027924 0.029019 -0.013192 -0.015932 
0.029708 0.079900 -0.230836 -0.119875 -0.145362 0.118158 0.010619 -0.036409 0.129294 0.241909 -0.132011 -0.073973 0.121643 0.031599 0.083707 0.093837 0.027219 0.016111 -0.028066 0.057697 0.164721 0.012173 0.022902 -0.042120 0.076461 0.156534 -0.054206 0.024167 0.043043 0.121111 0.126364 -0.057805 0.022274 -0.077446 0.048366 -0.013520 -0.069035 0.208875 0.188745 -0.106400 0.065924 0.007404 0.006285 0.076253 -0.031147 0.059826 -0.060595 -0.023015 -0.063610 0.118428 -0.002457 0.008328 0.106101 -0.003280 0.052668 -0.023489 -0.021042 0.005001 0.012640 -0.023851 -0.037331 0.004604 
0.060209 0.043754 -0.074972 -0.162897 0.033864 0.205419 -0.125878 -0.085287 0.259030 0.284635 0.040832 0.161340 -0.004241 -0.059794 -0.016425 -0.002504 -0.171480 0.055119 -0.089489 -0.228526 0.251628 0.238522 -0.027921 -0.162963 0.027844 0.039913 -0.050053 0.020325 -0.000810 -0.027022 -0.048962 -0.022456 -0.060881 -0.056608 -0.071661 0.055159 -0.031043 0.190187 0.081670 -0.160067 -0.083409 -0.082392 -0.037089 -0.066998 -0.171573 0.218131 -0.122477 0.016620 -0.166676 0.110871 0.079054 0.090017 0.061439 0.036559 -0.062170 0.033309 -0.001491 0.038970 0.013123 0.031859 -0.067396 -0.035596 
-0.025215 0.056444 -0.070753 0.116275 -0.340367 0.107704 -0.086712 -0.024419 0.017576 -0.011416 -0.034167 -0.081113 -0.069292 0.068320 -0.169420 -0.160799 -0.080683 -0.144182 0.029632 0.152536 -0.086450 0.041820 0.027192 -0.126245 -0.171373 0.242013 -0.178375 -0.110255 0.222840 0.156354 0.050693 -0.300717 -0.125515 -0.198554 0.152344 0.039126 0.334103 -0.102424 -0.149848 0.222982 0.011031 0.035859 -0.075213 -0.079696 -0.139651 0.081593 -0.066941 -0.094247 -0.034354 -0.099657 -0.018423 0.065382 -0.073447 -0.045954 -0.080954 0.004220 -0.034923 0.028832 -0.057870 0.037278 -0.012049 0.035684 
0.060304 0.008868 -0.090079 -0.160266 0.028698 0.187416 -0.161955 -0.144596 0.310682 0.203782 0.054169 0.151556 -0.102971 -0.063532 -0.109524 -0.008887 -0.025043 0.149703 -0.108920 0.117334 0.092689 0.236859 -0.001401 -0.051577 0.059973 0.048775 -0.039806 -0.132609 -0.009104 -0.073501 -0.061765 0.096235 0.067774 -0.017130 -0.056327 0.028528 0.094306 -0.186648 -0.125935 0.189381 0.108593 0.053827 0.138439 -0.017832 0.268981 -0.284198 0.179079 0.069609 0.262468 -0.144496 -0.111924 -0.061603 -0.119101 -0.012776 0.072366 -0.025128 0.025864 -0.145914 0.015036 -0.009954 0.136235 0.036174 
0.018269 0.091929 -0.211425 -0.050376 -0.224866 -0.003978 0.054521 0.009335 -0.063836 0.127661 -0.176557 -0.191724 0.189190 0.070722 0.107524 0.126977 0.158006 -0.014918 0.051770 0.213612 0.004017 -0.117181 0.032980 0.034341 0.127998 0.154080 0.000942 0.016989 0.053109 0.175573 0.154226 -0.032302 0.078400 -0.019715 0.113432 -0.066178 -0.100226 0.127190 0.155185 -0.048735 0.056185 0.049276 0.048722 0.091860 0.111145 -0.123183 0.064753 -0.061778 0.111012 0.021094 -0.029039 -0.013121 0.087281 0.002361 0.014308 -0.029531 0.066798 -0.071926 0.008062 0.021367 0.095433 0.020901 
0.001497 -0.050510 -0.054252 -0.001407 -0.293932 0.046620 0.104551 -0.103170 0.130229 -0.267397 0.080465 0.090487 -0.282726 0.200936 0.095696 -0.071791 -0.164820 -0.075984 0.070301 -0.331239 -0.026806 -0.132474 0.103740 -0.201079 -0.141186 -0.010913 -0.212445 0.322963 0.080679 -0.037523 -0.090993 -0.121119 0.064868 -0.014742 -0.169427 -0.086882 -0.047240 0.034687 0.128621 -0.136998 0.102730 0.068705 0.123449 0.084721 0.035475 -0.074263 0.190388 0.086113 0.107060 -0.002688 0.039905 -0.076245 0.087287 0.006053 0.021238 -0.021664 0.012250 -0.003526 -0.007556 -0.001390 0.040474 -0.005404 
0.071636 0.060552 -0.091568 -0.169410 -0.021856 0.086603 0.107474 0.027819 0.130086 0.096319 -0.127626 -0.095567 -0.145618 0.220107 0.321768 0.150509 -0.051434 -0.045295 -0.018466 -0.101219 0.271413 -0.152649 -0.126634 0.346870 -0.180619 -0.188784 0.221654 0.044436 0.140311 -0.028921 0.136890 0.061523 0.117156 -0.018982 0.047171 -0.060596 0.083415 -0.293759 -0.055433 0.191625 0.059254 0.013176 -0.056604 -0.049883 -0.156794 0.078940 0.004489 0.077567 0.131202 -0.049637 0.040879 -0.003053 -0.049199 -0.027783 -0.122164 0.071269 -0.018301 0.074003 -0.043329 0.020060 -0.073752 0.003516 
0.173155 0.029630 0.042238 0.092389 0.006588 -0.000169 -0.023459 0.071052 -0.031162 0.009419 0.016115 0.032643 0.014782 -0.035837 0.003961 0.020903 0.020540 0.019834 -0.036446 0.002647 0.076648 -0.036235 0.013800 -0.004740 -0.037484 0.065855 -0.055508 -0.002581 0.081737 -0.023347 0.034257 0.050553 -0.011544 0.042804 -0.029917 0.114299 0.023676 -0.042174 0.045987 -0.008638 0.161566 0.009315 0.042071 0.127283 -0.035239 0.029284 -0.014104 -0.004131 -0.033991 -0.225724 -0.048137 -0.054804 -0.006666 0.117122 0.030485 0.199353 -0.161825 0.126037 0.122890 0.029342 -0.177406 -0.311101 
0.012460 -0.131695 -0.009612 -0.000720 0.033901 -0.136474 0.027933 0.015794 0.263374 -0.176957 0.039573 0.402889 -0.109563 0.105129 0.121948 0.102158 0.379869 0.274237 0.070201 0.143568 0.029093 -0.009762 -0.317462 0.146413 -0.074204 0.260122 0.071714 0.047016 -0.058379 0.190225 -0.088522 -0.311569 -0.066545 0.063224 -0.032955 0.071682 0.009029 0.025049 -0.077958 -0.069041 -0.043685 0.014323 -0.047344 0.058939 -0.007003 0.055929 -0.037170 -0.016546 -0.058667 -0.002000 -0.021292 -0.029125 0.062098 -0.040900 0.010182 -0.011676 -0.022109 0.019067 -0.008992 -0.043897 0.023187 0.020329 
-0.014228 -0.008226 0.003851 0.085867 -0.046340 0.017535 0.046951 0.014610 -0.132580 -0.155655 -0.162963 -0.430020 -0.442743 -0.085491 -0.228611 0.145112 0.202110 0.347198 -0.369371 -0.041735 0.226736 0.141709 -0.063727 -0.138679 0.024631 -0.050957 0.015226 0.089313 0.005455 -0.000197 0.029465 -0.079831 0.048269 -0.042038 0.051766 0.003934 -0.102023 -0.023158 -0.024656 -0.022871 -0.054664 -0.025319 0.015639 -0.002166 0.018653 0.041433 -0.011438 0.027294 -0.047947 0.025884 -0.014396 0.059388 -0.004100 -0.010473 0.027869 -0.010097 -0.056180 -0.026614 -0.024042 -0.046425 0.014281 0.022525 
0.172627 0.035250 0.057493 0.014852 0.043026 -0.016823 -0.057989 0.086250 -0.075524 0.008709 0.060727 0.036152 0.059840 -0.070120 -0.025060 0.034471 0.055773 0.000341 -0.038662 -0.001720 0.104448 -0.041602 -0.000945 -0.067049 -0.076647 0.045245 -0.074809 0.057455 0.107836 -0.023069 0.026094 -0.047869 -0.015635 0.007432 0.047792 0.096891 -0.029929 -0.057657 0.101804 0.085529 -0.055453 -0.046732 -0.002746 0.106811 0.031555 0.011111 0.051199 -0.036680 0.007352 -0.142939 -0.035324 -0.144279 0.111532 0.138873 0.040740 0.086486 0.031733 -0.009046 0.102172 0.060582 -0.109926 -0.090838 
-0.022247 -0.007742 -0.003210 0.051090 -0.067761 0.007801 0.067457 -0.014362 0.003209 0.131752 0.003495 -0.068351 -0.321784 -0.711922 0.298630 0.164214 -0.205414 0.109977 0.376716 0.048447 -0.132539 -0.027315 -0.028011 0.053688 -0.053639 0.058992 -0.025648 0.007249 0.009846 0.021001 0.006298 -0.053607 0.008505 -0.044328 0.029912 0.019999 -0.011763 -0.006034 -0.005053 -0.017162 -0.040306 0.000871 0.003282 -0.005467 0.009859 0.007125 0.009360 -0.010154 0.007661 -0.015791 -0.006886 -0.015942 0.014452 -0.000765 -0.000548 -0.009948 0.001159 0.002025 -0.000863 -0.006925 -0.005230 -0.002439 
0.173580 0.034868 0.055529 0.022234 0.040300 -0.015610 -0.054484 0.083539 -0.071602 0.009962 0.056750 0.037520 0.056272 -0.068017 -0.022359 0.031526 0.053758 0.000017 -0.039080 -0.001497 0.103214 -0.040169 -0.000165 -0.061153 -0.074813 0.044772 -0.072839 0.055797 0.104437 -0.023557 0.024328 -0.044772 -0.011085 0.006123 0.047228 0.091291 -0.029104 -0.057682 0.098174 0.079226 -0.056843 -0.045429 -0.000071 0.094572 0.029575 0.012703 0.052203 -0.033004 0.004453 -0.128634 -0.039768 -0.133735 0.102406 0.130803 0.040436 0.070438 0.033569 -0.008539 0.090970 0.059670 -0.102252 -0.071124 
0.148793 0.007144 -0.095917 0.047964 -0.101617 0.054020 0.022626 -0.096364 0.094314 0.043139 -0.012643 0.034197 -0.103563 0.017915 0.000968 -0.025217 0.089329 0.028499 -0.090908 -0.052793 -0.241823 0.035231 0.059914 -0.032044 0.218577 -0.080747 0.060852 -0.045860 0.014337 0.185867 -0.084158 0.034018 0.059316 0.189821 0.129348 -0.192162 -0.131460 -0.030193 -0.085108 -0.287664 -0.146010 0.006239 -0.101907 -0.266917 -0.240986 -0.064546 -0.012605 -0.209083 0.117778 -0.229146 -0.023913 -0.138129 -0.226615 0.055019 -0.157900 0.017901 0.123881 0.161146 0.030181 0.136652 -0.152942 -0.039544 
0.162484 0.025910 -0.015111 0.040593 -0.154159 0.003889 -0.043082 -0.017145 -0.050815 0.048661 0.060723 0.018357 0.065120 0.029885 0.017361 0.141288 0.096898 0.091398 0.025563 -0.056828 -0.121913 0.013627 0.002691 -0.016589 0.036722 0.028513 0.058299 -0.016946 0.183685 -0.188291 -0.006204 0.076036 0.025824 0.007843 -0.061873 0.058723 -0.098852 -0.023098 0.018243 -0.102259 -0.040599 0.008514 -0.095875 -0.076879 -0.071110 -0.053975 0.056409 -0.052133 -0.085838 -0.128116 -0.043787 -0.064743 0.074769 -0.007629 0.026599 0.166347 0.064875 -0.118215 -0.315330 0.160747 0.418576 0.002801 
0.166498 0.025531 -0.048383 -0.100283 0.030975 0.026890 -0.006538 -0.039697 0.044016 -0.024304 -0.009661 0.007901 -0.058307 -0.029187 0.004962 -0.056384 -0.016272 -0.049629 -0.000147 -0.007686 -0.061678 -0.065388 0.072209 -0.018503 0.083201 0.078985 -0.052842 -0.053292 0.082352 0.136922 0.031227 0.186634 0.041157 0.212184 0.047093 -0.027665 -0.033061 -0.068410 -0.252977 -0.115497 0.178123 0.120724 -0.029917 0.074668 0.022478 0.010722 0.091164 -0.059676 -0.179751 0.064191 0.022769 0.171525 -0.011238 -0.015428 0.335667 0.008926 -0.324418 0.231073 -0.179654 -0.299657 -0.146994 0.034344 
0.172572 0.032549 -0.020291 -0.003873 -0.127619 0.063412 -0.032865 -0.014006 0.028344 -0.035102 0.019875 -0.007255 -0.022383 0.054242 -0.035927 0.025351 0.043600 0.037696 0.028395 0.018927 -0.125899 -0.035840 0.007574 0.012124 -0.011475 -0.017333 0.053599 -0.082391 0.028471 -0.103532 0.013101 0.096543 0.041984 -0.003195 0.016778 -0.001476 -0.059959 -0.015472 -0.019556 -0.019993 0.013725 -0.015202 -0.059524 0.028922 -0.053597 0.064196 0.044627 0.009390 -0.058245 -0.010678 0.014068 0.026999 0.110155 -0.068735 0.134693 -0.015464 -0.101032 -0.121549 -0.083907 -0.050685 0.077995 0.098786 
0.152952 0.031585 -0.001605 -0.148239 0.140806 -0.001479 -0.086923 0.032453 -0.006651 -0.066862 -0.019007 -0.048472 -0.056295 -0.080232 -0.068481 -0.061988 0.018926 -0.016554 -0.043711 0.077626 -0.007987 -0.020733 0.007644 -0.070724 0.017557 -0.027866 -0.033789 0.009949 -0.052565 0.107093 0.021436 -0.068918 0.011559 0.010564 0.083010 -0.047282 0.063005 -0.002203 -0.106189 0.018727 0.133480 0.103127 0.122759 0.037921 0.076383 -0.036793 0.050197 -0.051612 0.019550 -0.006544 0.147650 -0.130023 0.141678 0.012076 -0.172638 0.068117 0.176388 0.175659 -0.076925 0.059910 -0.182649 -0.015618 
0.168838 0.031414 0.023353 0.014991 0.036009 0.005283 -0.099858 0.136436 0.019079 -0.066025 -0.043924 -0.005226 0.007750 -0.052035 -0.043614 -0.042032 -0.037723 0.018717 0.018738 0.109440 0.056333 0.021881 -0.063030 -0.004002 -0.013326 -0.102159 0.042080 0.005752 -0.227853 -0.017523 -0.001904 -0.020402 -0.012508 -0.075172 -0.041880 -0.068613 0.085253 0.205285 0.135394 -0.006691 0.133817 0.097786 0.185362 -0.040422 0.039754 -0.010930 0.151851 -0.114241 0.099725 0.002727 -0.011151 -0.127850 0.122794 -0.219112 -0.237869 0.007351 0.037008 0.145654 -0.344756 0.039394 -0.125190 -0.001595 
0.156445 0.024963 -0.041105 -0.072217 0.056287 0.013895 0.011708 -0.016817 0.043894 -0.064181 -0.083774 -0.088168 -0.162121 0.007430 0.045310 -0.042625 -0.028205 -0.017388 -0.012353 0.020917 0.013938 -0.089588 0.064526 -0.029203 0.147741 -0.042380 -0.032854 -0.014029 0.101658 0.199163 -0.046939 0.126956 -0.266359 0.446313 -0.175748 0.178882 0.243956 0.204143 0.147485 0.244469 -0.247799 -0.093476 -0.213492 0.139767 -0.057284 -0.124034 0.040448 0.077748 0.014607 0.040125 0.035117 -0.014709 -0.020783 -0.140514 -0.122404 -0.109869 0.029134 -0.045465 0.103370 0.060064 0.058493 0.005998 
0.166898 0.036267 -0.027845 0.013621 -0.150451 0.045557 -0.046829 0.008124 0.020402 -0.046099 -0.032169 -0.032537 -0.030289 0.034283 -0.030482 0.000981 0.032803 0.028599 0.081856 0.141264 0.000949 -0.012203 -0.034837 0.010011 -0.013709 -0.014550 0.023136 -0.044754 0.086913 -0.133971 -0.033541 0.121884 -0.097739 0.112313 -0.128282 0.067711 0.000261 0.031714 0.049653 0.090763 -0.082171 -0.062080 -0.004406 -0.044986 0.081501 0.040752 0.156182 -0.030153 -0.035066 0.054863 0.018623 -0.021691 0.174035 0.071842 0.146760 -0.015402 0.021610 0.158126 0.002087 -0.146454 -0.079686 0.078986 
0.154537 0.032245 -0.016984 -0.118146 0.135255 -0.028239 0.011993 0.035367 0.005184 -0.082895 -0.083598 -0.068874 -0.119547 -0.007285 0.044484 -0.091829 -0.014215 -0.060686 -0.003809 0.011793 0.008755 -0.114035 -0.002032 -0.009339 -0.002369 -0.042011 0.011119 -0.004567 -0.025923 0.172371 -0.007384 -0.071379 -0.027062 0.066649 -0.073928 -0.003472 0.127648 0.087321 -0.002883 -0.049624 0.270309 0.015385 0.101912 -0.341700 0.078545 0.097532 -0.185139 -0.156438 0.081886 0.060223 -0.064029 -0.071929 -0.017083 0.358535 0.282256 0.081560 -0.031077 -0.162622 0.207323 0.092148 0.262166 -0.017366 
0.165205 0.021380 0.015046 0.098856 -0.067339 -0.009942 -0.072205 0.130405 0.030643 -0.048318 -0.059356 0.026486 -0.045428 -0.008187 0.012874 -0.092612 -0.073878 -0.025487 0.009012 0.040879 0.095922 0.001392 -0.082236 0.035017 -0.092203 -0.107985 0.073922 -0.058023 -0.085570 -0.014053 0.001987 0.044519 -0.027699 -0.001764 -0.048314 0.044566 0.073908 0.025502 0.024272 -0.007264 0.037113 -0.018054 0.068572 -0.221800 0.022700 0.123150 -0.034890 -0.186929 -0.055477 0.170930 -0.005033 -0.063692 0.071983 0.084772 0.045024 -0.158098 0.055052 -0.008021 -0.106031 0.106962 0.101318 -0.038126 
0.161119 0.027189 -0.013031 -0.107532 0.142065 -0.040710 -0.011661 -0.009215 -0.033329 -0.009238 -0.005613 -0.026711 -0.016641 -0.063501 -0.003543 -0.035566 0.037584 -0.033040 -0.013573 -0.034474 -0.037453 -0.065928 0.051203 -0.035893 0.058510 0.081204 -0.019671 0.034549 0.088884 0.063372 0.020620 -0.009465 0.122211 0.025580 0.006431 0.056119 0.000636 -0.087152 -0.155039 -0.137432 0.324172 0.100933 0.078314 0.185549 0.004764 -0.008663 -0.150400 0.151105 -0.163043 0.017116 0.185626 0.050470 0.016228 -0.103856 -0.302080 -0.115153 0.076968 -0.028292 0.221994 0.089323 0.177066 0.044309 
0.167518 0.026787 -0.012163 0.059401 -0.147008 0.014620 -0.090156 0.009221 0.005438 0.004105 0.003274 0.021270 -0.028465 0.014735 -0.044683 -0.017652 0.013000 0.039766 0.019296 0.038054 -0.084567 -0.000207 -0.026427 0.017482 -0.049781 -0.012449 0.063238 -0.085977 0.035109 -0.113590 0.007955 0.069663 0.061050 -0.027988 -0.020924 0.055047 -0.064993 -0.131107 -0.090307 -0.066337 0.053879 -0.030672 -0.026945 0.042782 0.006039 -0.000615 -0.097391 0.072679 -0.131183 0.098570 0.171138 -0.017443 0.073081 -0.050664 -0.100060 -0.237638 0.111553 -0.085885 0.323673 0.123102 0.009444 0.066816 
0.152739 0.028016 -0.010596 -0.166621 0.132475 -0.045750 -0.027307 -0.004484 -0.054037 -0.042642 0.018188 -0.006906 -0.008083 -0.034368 0.018007 -0.011583 -0.013502 -0.053267 0.020529 -0.070637 0.048437 -0.087178 0.039495 -0.036561 0.005788 0.034370 -0.042724 0.091364 0.069696 0.059402 0.007371 -0.075371 0.011934 -0.000727 0.015524 0.067855 0.006022 -0.000090 0.079922 0.031562 -0.069239 -0.022963 -0.052465 0.051796 -0.033606 -0.053935 -0.066459 0.071206 -0.013118 -0.020612 -0.107661 0.118635 -0.182042 0.016241 0.043767 0.192729 0.053445 -0.073231 -0.297971 0.094838 0.081196 0.098092 
0.164394 0.046570 -0.023453 -0.001556 -0.135110 0.004422 -0.085868 0.000294 -0.040620 -0.024410 -0.028147 0.008245 -0.007190 0.039153 -0.040611 -0.028819 0.015726 0.071627 0.121962 0.056854 -0.008696 -0.078645 -0.080003 0.007809 -0.077507 0.041100 0.032119 0.081735 -0.052780 -0.099832 0.004752 -0.043347 0.059694 -0.015782 -0.130039 0.036335 -0.078484 0.063429 0.147983 0.016603 0.074392 -0.169325 0.021746 -0.006578 0.247189 -0.192084 -0.275194 0.128334 -0.121817 0.067173 -0.089348 0.259605 -0.560040 0.094222 -0.051327 0.026179 0.095035 0.165499 -0.103729 0.040182 -0.144350 -0.045771 
0.145074 0.030479 -0.004995 -0.193482 0.136000 -0.034382 -0.056328 0.004995 -0.055597 -0.041661 0.036779 0.006161 0.019140 -0.070570 -0.014429 -0.021143 0.018144 -0.047181 -0.000341 -0.049754 0.015560 -0.043600 0.016737 -0.067935 0.000617 0.040927 -0.044326 0.094091 0.057373 0.051950 0.033489 -0.059729 0.054323 0.005271 0.111371 0.006703 -0.060876 -0.087925 -0.108148 -0.002918 -0.068810 0.038473 -0.015543 0.069276 0.030198 -0.008524 0.010973 -0.005205 -0.104865 -0.028709 0.102693 0.017111 0.044941 -0.038421 -0.060244 -0.019738 0.140414 -0.015184 -0.266915 -0.032240 0.115720 -0.024962 
0.169891 0.030189 -0.028614 -0.019615 -0.137166 0.023205 -0.095839 -0.011737 -0.021391 -0.040135 0.020157 0.013222 -0.010785 0.008095 -0.069796 -0.011958 0.007947 0.044654 0.051852 0.045807 -0.069813 0.011065 -0.048644 0.020599 -0.056798 0.001055 0.069502 -0.049524 0.060983 -0.164169 0.007144 0.051377 0.035952 -0.013492 -0.011055 0.044321 -0.053311 -0.123002 -0.067809 -0.021465 -0.062915 -0.057486 -0.059128 0.005021 -0.035353 0.049371 -0.000936 0.055671 -0.122817 0.015225 0.132110 -0.024032 0.084492 0.001989 0.010874 -0.032690 0.089639 0.006734 -0.016561 -0.010850 -0.045409 -0.051634 
0.125542 0.028982 -0.007786 -0.239446 0.143283 -0.043916 -0.061851 -0.002904 -0.062126 -0.052905 0.046892 0.019424 0.034377 -0.059583 -0.017773 -0.029217 0.009925 -0.072906 0.018852 -0.040680 0.021411 -0.042932 -0.000599 -0.051660 -0.037955 0.013216 -0.030894 0.097471 0.026980 0.033459 0.017727 -0.115785 0.046856 -0.081571 0.128430 -0.051842 -0.097238 -0.032126 -0.018164 0.050864 -0.221983 -0.037312 -0.059159 -0.052527 0.018687 -0.016869 0.063872 -0.033018 0.035067 0.051423 -0.028766 0.011453 -0.009959 -0.052060 0.033565 -0.153244 -0.039035 -0.129125 -0.048352 -0.030101 0.118211 0.047302 
0.161588 0.035355 -0.028913 -0.129109 -0.036323 -0.004777 -0.111701 0.016437 -0.022827 -0.111961 -0.033650 -0.012561 -0.036102 -0.003109 -0.078672 -0.081272 -0.070837 -0.010912 0.073888 0.057778 -0.029458 0.008022 -0.084298 0.037820 -0.081668 -0.064178 0.107526 -0.053824 -0.095030 -0.077426 0.024831 -0.013807 -0.028263 -0.074909 -0.023840 -0.015797 0.015123 0.041798 -0.001852 0.017090 -0.054617 -0.027961 -0.079395 -0.136824 -0.100226 0.081910 -0.032403 0.022456 -0.051143 0.099974 0.087015 -0.021526 -0.013333 -0.070001 0.049119 -0.038040 -0.111200 -0.141124 -0.054088 -0.041096 -0.020253 -0.064616 
0.134280 0.032630 -0.004013 -0.214883 0.123267 -0.041760 -0.062848 -0.004032 -0.064923 -0.022130 0.057640 0.047062 0.051554 -0.051279 -0.008395 -0.027215 0.024966 -0.087541 -0.001756 -0.031817 0.041344 -0.035910 0.003027 -0.030121 -0.074189 -0.005601 -0.046425 0.127380 0.016777 0.008325 0.017978 -0.145098 0.044825 -0.163645 0.164452 -0.089090 -0.143980 -0.054926 0.012246 0.049788 -0.249555 -0.085880 -0.067295 -0.123082 -0.017714 -0.016589 0.119172 -0.076716 0.068649 -0.009622 -0.121152 0.023290 -0.048145 0.020304 0.008348 -0.142760 -0.148367 0.035396 0.223629 -0.059513 -0.085807 0.071784 
0.127391 0.048004 -0.095577 -0.184007 -0.146340 -0.004203 -0.110943 -0.073922 -0.025599 -0.076349 -0.044086 -0.038801 -0.020559 0.049818 -0.040379 -0.000188 0.025113 0.019433 0.110004 0.108809 -0.126002 -0.017474 -0.038558 -0.016089 -0.006764 -0.033984 0.072188 0.053321 -0.083312 -0.100362 0.015539 -0.028405 0.011460 -0.079794 -0.045998 -0.073439 -0.132627 0.097373 0.052348 -0.010787 -0.054923 -0.058358 -0.013236 -0.097818 0.094039 -0.132384 0.060248 0.056709 0.116936 -0.019342 0.059692 -0.072229 0.046573 -0.018523 -0.050373 -0.041077 -0.096037 0.022030 0.240957 -0.154737 -0.100166 -0.142139 
-0.009348 0.084193 0.147322 0.005187 -0.041984 -0.266639 0.040841 -0.149789 0.410729 -0.041800 0.096485 -0.218306 0.129100 -0.070712 -0.045731 -0.038949 0.052902 0.007970 0.045792 0.077351 0.023927 -0.060988 0.038232 -0.146519 0.020624 -0.147875 -0.022250 0.023092 0.079325 0.051156 0.020763 0.028365 0.032067 -0.110767 -0.092374 0.064819 -0.107040 -0.099917 -0.091278 0.002660 0.047488 -0.087763 -0.183189 0.143516 -0.001503 0.067535 -0.125788 -0.070685 0.156904 0.218320 -0.088713 -0.192593 -0.043683 -0.068512 0.058748 -0.019875 -0.021148 0.026409 -0.065868 0.078663 -0.053407 -0.084933 
0.037026 -0.024819 0.192522 -0.033180 -0.087762 -0.244362 0.093408 0.133480 -0.010530 0.203611 -0.157769 0.148634 -0.117267 0.048737 -0.110814 -0.255946 0.074075 0.039905 0.242481 0.096478 0.119251 0.098655 -0.009544 -0.134876 0.115083 -0.239739 0.048641 0.105463 0.172138 0.083371 0.082100 0.105518 0.075504 -0.157031 -0.032809 0.084848 0.044590 0.039045 0.074144 -0.040208 -0.093880 0.080380 0.067753 -0.064826 -0.056921 -0.008536 -0.130703 0.056566 0.031432 -0.194377 0.065148 0.029503 0.049723 -0.014285 -0.069379 0.212692 0.066257 0.122655 0.086867 -0.327309 0.166892 0.181494 
0.081265 -0.053551 0.237263 -0.015785 -0.090226 -0.125054 0.204907 0.039345 -0.034640 0.144655 -0.039151 0.082885 -0.055753 0.046462 0.028311 -0.052403 -0.037960 -0.000637 0.019947 0.071788 0.132926 0.088606 0.030793 -0.019180 0.087589 -0.047150 -0.019828 0.012490 -0.098387 0.106007 0.028576 -0.032129 0.029971 -0.045192 -0.011442 -0.162378 0.003910 0.054132 0.054666 0.029187 0.123443 -0.077616 -0.153009 -0.016631 0.023417 -0.133428 -0.019428 0.128237 -0.109103 -0.380840 0.195018 0.052340 0.060764 0.017838 0.169611 -0.375433 -0.211361 -0.218911 -0.173864 0.251348 -0.168728 -0.086521 
0.077346 -0.069770 0.221368 -0.093341 -0.044585 -0.107005 0.168980 -0.055466 -0.024080 -0.007746 -0.096489 -0.050102 -0.009491 0.131125 0.055000 0.079271 -0.224929 0.077241 0.035445 0.008264 0.127798 0.063108 0.096197 0.024818 0.123837 0.194856 -0.041536 -0.125982 -0.190832 -0.010435 -0.062384 -0.095730 -0.060878 -0.081364 -0.062737 -0.091396 -0.043427 -0.084978 -0.104584 0.068230 0.111010 -0.153366 -0.272773 -0.010437 -0.021788 -0.175881 0.283238 -0.195870 -0.186112 0.147056 0.050828 0.036490 0.019836 0.295808 -0.154686 0.146690 0.254161 -0.003138 0.041283 -0.155059 0.011845 0.089030 
0.105226 -0.044662 0.173285 -0.189825 -0.025415 -0.092409 0.103575 -0.061935 -0.089546 -0.035556 -0.004305 -0.057162 -0.007993 0.063177 0.003792 0.051536 -0.142186 0.070285 -0.013283 0.030702 0.067550 0.065022 0.037374 0.102797 0.035187 0.172473 -0.047738 -0.085977 -0.068423 -0.086537 -0.037500 0.009652 -0.105972 -0.113255 -0.007966 -0.089770 0.042716 0.010883 0.040867 -0.043687 -0.059796 0.098650 0.037947 -0.037471 0.011397 0.014365 0.017870 -0.006237 -0.011315 -0.012165 -0.132578 0.031698 -0.024369 -0.365189 0.093182 0.020526 -0.181861 0.485348 0.196424 0.264712 0.325837 -0.096389 
0.107125 -0.041029 0.146711 -0.156631 -0.090103 -0.065141 0.132474 -0.091457 -0.059960 -0.067595 0.012802 -0.096872 0.007299 0.149284 0.062602 0.079935 -0.137168 0.089383 0.054265 -0.103057 0.033543 0.025757 -0.001425 0.068587 0.094394 0.273180 -0.060833 -0.119134 0.063738 -0.062488 -0.054330 0.175858 -0.146671 0.009012 0.024196 -0.014512 0.089718 -0.083046 -0.052829 -0.126409 -0.300332 0.155335 0.315269 0.045690 0.223362 0.137542 -0.362244 -0.114202 0.118863 -0.047798 -0.001467 -0.118113 0.011292 0.059344 -0.090622 -0.062603 0.027110 -0.223302 -0.103430 -0.096949 -0.197026 -0.026243 
0.103787 -0.026096 0.104265 -0.187161 -0.158159 -0.045669 0.113191 -0.074993 -0.141545 0.034281 0.146966 0.022274 -0.029578 -0.112185 0.044104 0.002029 0.105624 -0.144388 -0.182201 0.077182 0.042190 0.049802 -0.001712 0.111048 -0.136306 -0.064464 -0.056532 -0.038950 -0.017933 -0.030694 -0.027475 -0.009914 0.004255 0.044185 -0.118176 0.015466 0.057779 0.091942 -0.019087 -0.082508 0.187852 -0.112698 0.160913 0.035625 -0.300203 -0.030498 0.004853 -0.092736 -0.103912 -0.050720 -0.349324 -0.003647 -0.052277 -0.331604 0.156004 0.025293 0.306338 -0.226908 0.098381 -0.153776 -0.175751 0.078936 
0.104481 -0.029039 0.092249 -0.122128 -0.197948 0.010383 0.059572 -0.096307 -0.155369 0.077203 0.216494 0.030604 0.018091 -0.166529 0.011061 0.021977 0.203888 -0.161089 -0.213920 0.101898 -0.047975 0.111388 -0.039573 0.095591 -0.116393 -0.054276 -0.040919 -0.059992 -0.066279 0.007149 -0.086898 -0.014626 -0.151208 0.028638 -0.093951 -0.123569 0.058512 0.013706 0.066190 -0.086110 0.068808 -0.172447 -0.004140 0.190434 -0.038794 0.156555 0.008551 0.043146 0.331115 0.074902 0.267952 0.077723 -0.063874 0.258854 -0.221054 0.077243 -0.261135 0.060440 -0.091949 -0.045938 0.170103 0.087298 
0.117203 -0.034923 0.091560 -0.019664 -0.228242 0.051491 0.120224 -0.074339 -0.092330 0.013884 0.115234 -0.007543 0.073082 0.035668 0.095684 0.096469 -0.024063 -0.062854 -0.072752 -0.164899 -0.078038 0.087441 0.038593 0.022238 0.084936 -0.098236 0.115286 -0.061950 -0.178825 0.166903 -0.088536 -0.154135 0.284386 -0.030189 0.086593 0.472311 -0.086695 0.278548 -0.283980 0.266061 -0.082477 0.107234 0.073033 -0.093142 0.033533 -0.055159 -0.051721 0.190533 0.032024 0.064968 -0.002290 -0.048289 0.088322 0.060367 0.026590 0.083064 -0.049913 0.084779 -0.011801 0.066015 -0.037419 -0.018179 
0.151309 -0.016206 0.097793 0.054914 -0.110826 0.064835 0.003710 0.018016 -0.067948 0.050939 0.106948 0.043718 0.073327 -0.094162 0.005239 0.065122 0.077481 -0.038541 -0.096349 -0.064448 -0.028570 0.084442 -0.044972 -0.025472 0.035920 -0.064516 0.026992 0.098216 -0.084541 0.049272 0.057731 -0.044454 -0.075503 0.016769 0.009034 -0.138267 0.208499 -0.179104 0.195421 -0.094565 -0.000220 0.558362 -0.400262 -0.114636 0.175741 0.030607 -0.034518 0.250257 0.030379 0.169470 -0.150482 0.046707 0.040028 0.010346 0.054314 -0.006447 0.134822 -0.024799 0.052151 -0.075376 -0.092678 0.038509 
0.146194 -0.009520 0.054811 0.105947 -0.070265 0.080484 -0.008838 0.035358 0.015457 -0.012556 0.081990 0.013218 0.126144 0.010480 0.007756 0.108384 -0.013912 0.103106 0.084455 -0.232236 -0.116528 0.042579 -0.045621 -0.148040 0.196405 -0.085157 0.168186 -0.004581 -0.084251 0.249902 0.072546 -0.075693 -0.043015 0.024903 0.158508 -0.190603 0.219759 -0.284849 0.146112 0.069879 0.022181 -0.407951 0.284866 0.000596 -0.006235 -0.097346 -0.049861 0.112211 -0.128094 0.128112 -0.092429 -0.058679 0.089142 -0.099648 -0.011595 0.059208 -0.165295 -0.023230 0.019388 -0.125386 0.045085 0.066616 
0.145621 0.008659 0.042863 0.180798 -0.056306 0.087911 -0.031361 0.066919 0.085773 -0.021934 -0.008078 0.025668 -0.039596 0.025711 0.009101 -0.063613 -0.100472 -0.036597 -0.019258 0.017468 0.058251 -0.054142 0.013961 0.028718 -0.027056 0.008864 -0.056761 -0.065560 -0.230138 0.103962 -0.016160 0.070577 -0.016394 0.039092 0.236522 -0.047592 -0.156353 -0.019038 -0.027389 -0.027643 -0.094303 -0.104230 0.003856 0.202706 -0.009845 0.190120 0.008104 0.124429 0.203402 -0.157844 -0.061350 0.274433 0.036999 0.015897 0.130495 0.027175 0.290127 0.021012 0.087208 -0.145597 0.212880 -0.289662 
0.132204 0.004238 0.063952 0.233844 -0.045895 0.051518 0.001079 0.088991 0.026740 0.040510 0.018028 0.065347 0.019447 -0.025859 0.039355 -0.019993 -0.027001 -0.041390 -0.056366 -0.002236 0.167533 -0.063346 0.009426 0.040834 -0.090105 0.062671 -0.098860 0.013256 -0.028731 -0.005253 0.003642 0.083728 0.016287 0.057750 0.091056 0.047377 -0.115431 -0.036017 -0.021465 0.002622 -0.100975 0.013868 0.041493 0.025578 0.100575 0.015545 0.013476 -0.070854 -0.006114 0.036862 0.022044 -0.017793 -0.027662 0.052128 0.037385 -0.033340 0.012224 0.132281 0.027442 0.083835 -0.047399 0.463282 
0.139074 -0.001860 0.067463 0.201792 -0.023309 0.034310 0.013920 0.095642 -0.011869 0.028272 0.072614 0.036978 0.076726 -0.014126 0.053191 0.095656 -0.000209 0.008101 -0.023426 -0.171266 0.081457 -0.003250 -0.075715 -0.049381 0.019080 0.016543 0.029681 0.055494 0.036747 0.000887 0.075133 0.046886 0.088938 -0.030925 -0.062187 0.164365 -0.011364 0.081697 0.034131 0.062983 0.065333 0.200114 -0.015501 0.030878 -0.013280 -0.035088 0.131804 -0.453459 -0.003959 -0.027592 -0.009405 0.057953 -0.287805 -0.084931 -0.248775 -0.216122 -0.246565 -0.146023 0.090811 -0.276607 0.142432 -0.100234 
0.152264 -0.001419 0.033320 0.047009 0.113961 0.039718 -0.090023 0.023194 -0.009862 -0.076111 0.010490 -0.060336 0.099726 0.048465 -0.059886 0.170230 -0.055748 0.173425 0.162318 -0.185260 -0.114797 0.029490 -0.087846 -0.101949 0.109092 0.018164 0.185683 0.029853 0.006940 -0.019485 0.137603 -0.082144 -0.124717 -0.123879 -0.110660 -0.129649 0.060312 0.192802 -0.117050 0.136107 0.110891 0.075280 -0.000172 0.163797 -0.144377 0.163124 0.049945 -0.095593 0.311122 -0.117285 0.197528 0.252471 -0.086301 -0.064700 0.234556 0.008432 0.185858 -0.031565 0.071732 0.107104 -0.104484 0.165427 
0.136440 -0.003093 0.039165 0.239606 0.034349 -0.006002 0.045662 0.010801 -0.027469 0.092494 0.024675 0.055736 0.047047 -0.028161 0.057716 0.024496 0.034204 -0.020360 -0.058734 -0.052540 0.088495 0.001540 0.005900 -0.009684 0.041434 0.047431 0.010004 0.049057 0.104067 -0.005187 0.006909 -0.041232 -0.000196 0.009099 -0.009999 -0.064956 0.090630 -0.074352 0.042024 0.005870 0.022020 -0.048756 0.106389 -0.071688 0.003238 -0.025360 0.118330 0.023783 -0.068197 0.139797 -0.081447 -0.057886 -0.013064 0.021884 -0.001790 -0.138807 0.126037 0.121665 -0.054021 0.093081 0.064825 -0.203976 
0.155539 0.010610 -0.022201 0.082690 0.109733 0.064053 -0.065085 -0.008030 0.108400 -0.101056 -0.113727 -0.056024 -0.078378 0.072044 -0.052593 -0.084707 -0.137866 0.058462 0.068099 0.082691 -0.063517 -0.065290 0.053508 0.078607 -0.005187 0.017874 -0.040241 -0.127121 -0.263113 -0.001232 -0.039545 -0.002752 0.051017 -0.100105 0.079467 -0.009576 -0.033732 0.051373 0.084590 -0.058056 0.033744 0.128257 -0.121334 0.157649 -0.165791 -0.000499 -0.037244 0.149937 -0.027867 -0.012642 -0.217469 -0.056539 0.032195 0.006619 -0.212868 0.237796 -0.239396 -0.270020 -0.005601 -0.084848 0.004190 -0.049577 
0.143538 0.003005 -0.015075 0.199059 0.068953 0.025291 0.010582 -0.027188 0.078434 0.008336 -0.090178 0.020519 -0.087823 0.025148 0.025177 -0.138187 -0.061567 -0.070195 -0.066555 0.093810 0.062606 -0.095377 0.092433 0.121150 -0.012612 0.023046 -0.068406 -0.024929 -0.128744 -0.010956 -0.097539 -0.010784 0.058926 -0.018920 0.125964 0.035839 -0.056037 0.017869 0.045673 -0.061144 -0.046422 -0.030287 0.083637 0.046628 -0.071832 0.011191 -0.062453 0.063712 0.101999 -0.008527 -0.101671 0.039770 0.002112 0.016661 0.005741 -0.300807 0.013145 0.036575 -0.085726 0.001837 0.071326 0.266416 
0.121355 -0.026083 0.044492 0.237795 0.023398 0.045919 -0.003973 -0.012493 0.012461 0.044915 0.005946 0.040472 -0.005764 -0.017554 0.011801 0.027067 -0.018139 -0.127359 -0.021558 0.023727 0.116585 0.029351 -0.119965 -0.012425 -0.191749 0.039756 -0.059675 0.070168 0.089757 0.065498 0.183031 0.110993 -0.185166 0.041843 -0.088151 -0.395432 -0.234959 0.233444 -0.342991 0.106368 -0.098258 0.049165 0.040034 -0.070368 0.034717 -0.249533 -0.121827 0.085453 -0.074774 0.082394 -0.000136 -0.067654 0.050302 -0.084871 -0.060383 0.277071 -0.112641 -0.133302 0.072164 0.100413 0.024170 0.028164 
0.126801 -0.016007 -0.003189 0.218189 0.100174 -0.006409 0.067970 -0.094514 0.002429 0.091009 -0.059285 0.023442 -0.017175 -0.009290 0.048129 -0.065214 0.008870 -0.070837 -0.100100 0.083688 0.051848 -0.068043 0.175047 0.136804 0.104973 0.063885 -0.048619 0.051037 0.050435 -0.062921 -0.176046 -0.214816 0.134058 -0.002514 0.004222 0.064020 0.063894 -0.077717 0.088054 -0.088587 -0.067876 -0.106486 -0.019118 -0.194794 0.201714 0.026064 0.037841 -0.079309 0.110539 0.127957 0.430983 0.085720 -0.042916 -0.389222 0.125228 0.311578 -0.009641 -0.184273 0.043371 -0.054015 -0.100575 -0.078284 
0.147233 0.006933 -0.017760 0.123187 0.177403 -0.064713 -0.006504 -0.105743 -0.054516 0.052705 -0.083070 -0.060045 0.014580 0.054650 0.031985 0.038950 -0.002219 0.047187 0.045151 0.032960 -0.068339 0.016907 0.029547 -0.033391 0.095680 0.137024 0.058446 -0.037273 0.101676 -0.194809 -0.138268 -0.075836 0.056077 -0.077313 -0.075453 0.114786 0.064382 -0.036810 0.123345 -0.099713 0.038841 0.022393 0.022866 0.002853 -0.199807 0.022522 0.107724 0.139159 0.035703 -0.062329 -0.121948 -0.063939 -0.015138 0.110950 0.008552 0.080827 -0.184419 -0.012336 0.067801 0.159025 -0.127570 0.239678 
0.122539 -0.018093 -0.031563 0.162198 0.195259 -0.058356 0.041595 -0.187414 -0.056334 0.106568 -0.062112 -0.048203 0.007055 0.016205 0.033182 -0.000061 0.074766 -0.038385 -0.012572 0.039174 -0.038747 0.008933 0.085415 0.085420 0.110416 0.072129 0.045325 0.068734 0.254542 -0.117646 -0.092347 -0.139937 -0.055733 -0.109552 -0.158563 -0.132257 0.048251 0.150915 -0.176927 0.071764 -0.009631 0.000609 0.121816 -0.107421 -0.120689 0.001161 0.009871 0.259166 0.080510 0.073373 -0.130030 0.049497 0.083725 0.148285 -0.072560 -0.251509 0.058486 0.084044 -0.107001 -0.292098 0.016861 -0.182504 
0.107438 -0.007249 -0.004005 0.055040 0.170636 -0.004286 -0.028629 -0.108594 -0.060523 0.021989 -0.023008 -0.146879 0.111584 0.191238 -0.056870 0.200543 -0.023872 0.174317 0.243815 0.021354 -0.118227 0.416565 0.025667 0.213469 -0.377374 -0.211618 -0.391196 0.040955 0.072932 0.291081 -0.035218 0.064400 0.138488 0.048319 -0.011756 0.046896 0.062777 0.009376 0.051687 -0.120349 -0.017832 -0.027386 0.006692 -0.018738 0.016226 -0.003535 0.072853 -0.001108 -0.013177 0.033272 0.047637 0.013473 -0.022539 0.015851 0.020896 -0.049058 0.035714 0.004936 0.002645 -0.000840 0.004462 -0.003576 
0.035761 -0.048323 -0.072533 0.076495 0.171996 -0.118588 0.117323 -0.290656 -0.094776 0.096643 -0.040388 -0.093480 -0.134575 0.159081 0.218245 -0.021012 -0.033527 -0.301866 0.027268 0.117060 -0.058966 0.202756 -0.391360 -0.480099 -0.176966 0.103513 0.172854 -0.084437 -0.128729 -0.055064 0.061554 0.046922 0.047462 0.114486 0.097442 0.091056 -0.023851 -0.074179 0.096332 -0.026966 -0.008030 0.012276 0.005887 0.040393 0.028964 0.001463 0.033508 -0.031853 0.012577 -0.001230 0.029983 0.010381 -0.006526 -0.042902 0.031145 0.007951 0.039520 0.022412 -0.019159 -0.008443 0.011765 -0.032118 
-0.026340 0.127262 0.061951 0.030354 0.071085 0.103327 -0.044162 -0.144879 -0.118983 -0.341674 0.024058 0.359845 -0.223232 0.047779 0.245789 0.170762 0.169871 -0.021820 0.016461 0.126709 0.052408 0.122206 0.233784 -0.106131 0.183573 -0.079433 -0.163646 -0.200426 0.121201 -0.041766 0.223291 0.218944 0.075327 -0.228400 0.165214 -0.025118 0.016855 0.086905 0.115129 0.122374 0.062538 -0.037303 -0.047244 -0.026284 -0.043905 0.017721 -0.097734 -0.031761 0.039249 0.166652 0.019920 0.028382 -0.021314 0.009149 -0.014519 0.001579 0.030090 0.010196 -0.009215 0.050575 -0.050028 -0.030238 
0.039318 -0.234740 0.029804 -0.037112 0.115938 -0.044662 0.103934 0.128687 0.017929 0.158140 0.023314 0.029541 -0.036851 0.036114 -0.063679 0.066872 -0.010182 0.168403 -0.138848 -0.180210 -0.225135 -0.191941 0.077007 -0.114975 -0.241978 0.217066 -0.124481 -0.161791 0.028965 -0.032707 0.214234 0.095896 0.026052 0.035506 0.020365 0.078320 -0.078870 0.087166 0.092242 0.078083 0.209975 -0.215406 -0.231348 -0.288118 0.099207 0.048248 -0.150502 0.072719 0.218776 -0.050289 -0.053682 -0.040400 0.143554 -0.143870 -0.120951 -0.050305 0.022870 0.079972 -0.067591 -0.148099 -0.032832 0.046303 
0.084340 -0.161881 -0.074433 0.031419 0.135823 0.154837 0.088960 -0.196379 0.109853 0.157851 0.093230 -0.046760 -0.125175 0.058786 -0.038059 0.056025 0.064981 -0.024818 -0.095203 -0.019153 -0.192203 -0.089922 0.111106 0.120567 -0.072065 -0.194752 0.036531 0.062498 -0.122894 -0.162826 0.018039 -0.123743 -0.081804 -0.176184 0.083244 -0.071042 0.115057 0.085129 0.126962 0.137763 -0.061944 0.071666 -0.048457 0.257149 0.032319 -0.192290 -0.298613 -0.263977 -0.223695 -0.104418 0.122059 -0.192784 0.041029 0.073776 0.170307 -0.013220 0.054413 0.150727 0.013282 -0.115917 0.093235 0.033524 
0.048479 -0.171550 0.085103 -0.104208 -0.027790 -0.075192 0.230393 0.038922 0.051039 0.271108 -0.028647 0.114772 -0.163699 0.043603 -0.205544 -0.190546 0.107794 0.155941 0.030682 -0.008499 -0.216360 -0.097409 0.001957 0.026912 -0.074622 0.009816 0.013320 0.013312 0.077612 -0.056653 0.081748 0.114755 0.071507 0.034306 0.236792 -0.061450 0.023899 0.067477 0.066965 0.132493 -0.078824 0.127314 0.203574 0.115684 -0.088002 0.058827 0.249311 -0.045334 -0.015979 0.385285 -0.023375 0.141659 -0.082290 0.105559 -0.000582 0.050786 -0.008676 -0.122579 0.021744 0.242156 -0.092316 -0.126894 
0.039319 -0.241942 0.000892 -0.059716 0.002035 0.003880 -0.040123 0.307648 0.151583 -0.029062 -0.049869 -0.086506 0.037672 0.020767 0.174968 0.124644 0.027415 -0.078654 -0.078300 0.137994 -0.094091 0.073246 0.084490 -0.127968 -0.006207 -0.055210 -0.072068 -0.054045 0.032663 -0.025191 -0.127084 -0.021673 -0.030180 -0.057208 -0.063422 -0.016549 -0.060918 -0.085735 0.029654 0.066307 -0.077153 0.080022 0.069258 -0.041089 -0.094523 0.003640 -0.025348 0.029110 -0.090180 -0.001085 0.084096 0.077416 -0.062285 0.008975 0.022506 -0.012910 0.011090 -0.020362 -0.033489 -0.023895 0.033651 -0.216883 
0.060712 -0.190855 -0.157808 0.045094 -0.000101 -0.045390 0.057693 -0.202342 -0.006357 -0.063396 -0.010040 0.042800 -0.061865 -0.007462 -0.067095 -0.127775 -0.095301 -0.106790 -0.013636 -0.067608 -0.044376 0.152355 -0.052710 0.262263 0.167681 -0.154328 0.099115 0.128288 0.126667 0.032649 0.262753 -0.021025 -0.355037 -0.129444 0.117640 0.245796 -0.100417 -0.000710 -0.048604 -0.147360 0.121048 -0.133856 -0.070396 0.014759 0.295302 0.097959 0.124849 -0.061332 -0.026025 -0.074721 -0.180070 0.109629 0.080832 -0.018882 -0.113282 0.021244 -0.020199 -0.051118 -0.015253 0.101424 -0.052403 -0.004547 
0.032161 -0.175585 -0.206121 0.020816 -0.075149 -0.099764 0.028523 -0.117496 -0.066561 -0.062869 0.050537 0.022812 0.100327 -0.066694 -0.066595 0.001489 0.032269 0.074813 0.154128 -0.040502 0.264291 -0.069049 -0.013045 -0.091842 -0.022647 -0.091922 0.005471 -0.033868 0.026292 -0.208070 -0.148513 0.033903 0.365603 0.159323 0.170073 -0.224189 0.385111 0.211372 -0.182663 -0.042114 -0.016664 -0.120998 -0.191655 0.071941 0.144997 0.070107 -0.061920 -0.102653 0.018402 -0.052439 -0.142887 0.086364 0.104336 0.017000 -0.086170 0.030056 -0.029765 0.003047 0.041288 0.047522 0.013966 -0.023594 
-0.055666 0.276443 0.104648 0.021243 0.018003 0.038022 0.001479 -0.116693 -0.086078 0.057344 0.024937 0.040104 -0.031633 0.005234 -0.082267 -0.044822 0.004088 0.070622 0.019162 -0.063133 0.011870 -0.083394 -0.037950 0.026035 -0.045206 0.113031 0.015950 0.003940 -0.071301 0.060396 0.039876 0.013259 0.043890 0.041399 -0.038632 -0.011824 -0.023845 0.005297 0.042554 0.013434 0.017952 0.019791 0.024545 0.005127 -0.069206 -0.052955 -0.007632 0.026496 0.066517 0.038949 0.037863 -0.112273 -0.010313 -0.004388 0.043986 -0.005794 0.006639 0.030242 0.017659 -0.029137 -0.009687 0.158313 
0.010073 -0.079557 -0.176229 0.030922 -0.108083 -0.257928 -0.195286 -0.114597 -0.137421 0.163462 -0.033913 0.072672 0.023091 0.062430 0.081536 0.115719 0.015250 0.146640 0.008432 0.073052 0.049729 -0.084445 0.109412 -0.080276 0.074410 -0.012715 -0.233920 0.386924 -0.345850 -0.119934 0.088564 0.126630 -0.213169 0.064422 0.101306 0.120833 0.084867 -0.120364 -0.178207 0.085981 0.059620 0.014774 0.038519 -0.097348 -0.187371 0.052295 -0.036447 0.029750 0.035185 0.038143 0.063185 -0.081205 -0.077627 -0.014938 0.024381 -0.002275 -0.034783 -0.028403 -0.018301 -0.003490 0.014451 -0.015972 
0.014118 -0.201094 -0.191402 0.038331 0.000807 -0.145556 -0.038034 -0.043033 -0.066518 -0.041262 0.098731 0.020825 0.017627 -0.054080 -0.049239 -0.004762 -0.056606 0.047377 -0.043040 -0.100326 0.193999 -0.205661 0.018024 -0.029713 -0.127433 -0.085948 0.102831 -0.463790 0.079518 0.211467 0.092678 -0.008646 -0.053399 -0.211757 -0.073360 0.035447 0.050248 0.041807 0.040231 -0.221045 -0.122509 0.070157 0.049642 0.045914 -0.020944 -0.145044 0.158107 0.140421 -0.015446 0.013116 0.133168 -0.107669 -0.146698 0.034069 0.096673 -0.020528 0.043403 0.011115 -0.000906 -0.037011 -0.001951 -0.015832 
0.024433 -0.178899 0.028286 -0.026718 0.008618 0.203336 0.227048 0.115787 0.095837 -0.283713 -0.067376 -0.032398 0.146465 -0.149550 -0.127204 -0.135407 -0.082452 -0.081239 0.042291 0.032801 0.045373 0.313333 -0.104973 0.136779 0.063836 0.225608 0.050126 0.190734 0.090306 -0.149506 0.135146 0.033229 0.132531 0.131165 0.155437 0.040667 0.004995 0.024044 0.090899 0.005510 0.070698 -0.038037 -0.055945 0.001683 -0.202893 -0.158707 -0.108677 0.046609 0.136172 0.073882 0.104755 -0.172573 -0.056699 0.033866 0.088270 -0.018417 0.029882 0.036591 -0.015275 -0.061391 0.041351 -0.014110 
-0.025521 0.247434 0.179646 -0.023170 0.044614 0.100065 -0.004523 0.018577 0.053190 0.095176 -0.008395 -0.029006 -0.096194 0.080201 0.057111 0.019303 0.068876 -0.053561 -0.000061 0.009154 -0.161037 -0.000245 -0.006930 -0.015814 0.008669 -0.059028 0.020498 -0.000295 0.064970 0.006354 -0.164856 -0.069942 0.061284 0.028661 -0.082710 -0.097234 -0.071221 0.018026 0.011147 0.088779 0.009004 -0.028823 -0.018353 0.016523 0.202380 0.143451 -0.021225 -0.120767 -0.076852 -0.063165 -0.161627 0.189577 0.151598 -0.030728 -0.113763 0.022659 -0.025123 -0.012354 0.016760 0.055040 -0.026687 0.023941 
0.044200 -0.246212 0.012893 -0.055743 -0.002461 0.019616 -0.015878 0.285086 0.150501 -0.027069 -0.052201 -0.087386 0.031902 0.042217 0.184817 0.132183 0.027942 -0.095695 -0.047336 0.087874 -0.068905 0.042490 0.044405 -0.140420 0.035456 -0.125269 -0.073056 0.003639 0.054578 -0.122946 -0.045788 -0.036831 -0.079647 -0.041107 0.082574 0.018647 0.072008 0.075513 -0.114486 -0.129286 -0.015069 -0.046518 0.048505 0.024200 0.083634 -0.019576 0.050564 0.063541 0.002998 0.014304 -0.059773 0.051131 -0.057156 0.010841 -0.018079 0.018307 -0.036698 -0.013424 0.065937 0.027021 -0.053607 0.200450 
0.056126 -0.169165 -0.207093 0.037913 0.004429 -0.048138 0.052104 -0.113927 0.025404 -0.098769 -0.017732 0.007535 0.034751 -0.127940 -0.031695 -0.106515 0.048904 -0.071250 -0.118644 0.007083 -0.092207 0.032577 0.031666 0.067291 0.060591 0.181337 -0.026032 0.106944 -0.185326 0.200426 0.192354 0.216150 0.324304 -0.166079 -0.473487 -0.081465 0.038390 -0.160444 0.066039 0.189409 -0.190258 -0.015677 0.042972 -0.010569 -0.014705 0.163588 -0.000154 -0.070073 -0.090306 -0.094589 -0.030906 0.112090 0.099154 0.043316 -0.037345 0.044808 0.020474 0.024545 0.015449 0.081018 -0.017527 0.030222 
0.033251 -0.166425 -0.211343 0.011035 -0.052632 -0.123431 0.045366 -0.157647 -0.081782 -0.064675 0.054768 0.054277 0.075218 -0.060424 -0.103748 -0.009034 -0.059730 0.073179 0.117401 -0.016670 0.151571 0.070025 0.056751 -0.014946 0.011402 -0.091026 0.034066 -0.133497 0.120338 0.068452 -0.339129 -0.066634 -0.123744 0.158473 0.089497 -0.113795 -0.399224 -0.117731 0.237878 0.373486 0.223794 0.178151 0.056701 -0.063466 -0.064490 0.091643 -0.140292 -0.053045 -0.006437 0.002372 0.010849 0.040222 0.036789 -0.054196 -0.044618 0.002566 -0.003951 -0.003401 -0.005687 -0.015340 -0.011943 0.059249 
-0.057496 0.270174 0.113850 0.023935 0.014762 0.035264 -0.017701 -0.119703 -0.090386 0.067536 0.026904 0.043638 -0.053741 0.027235 -0.090385 -0.056252 -0.018406 0.068922 0.037947 -0.058871 0.035322 -0.059013 -0.056421 0.080854 -0.046810 0.055439 0.049712 0.000577 -0.012977 0.004104 0.064655 -0.023772 -0.012157 0.037202 0.066241 0.043736 0.047294 0.029935 -0.006160 -0.071685 0.008720 -0.011538 -0.062805 0.003856 -0.035976 -0.062737 0.003295 -0.007773 0.027964 0.019013 0.048351 -0.081767 -0.001327 -0.006258 0.036530 -0.027494 0.020239 0.002597 -0.049220 -0.039997 0.046114 -0.165375 
0.036850 0.196946 -0.203597 0.023078 0.024621 -0.158841 0.160136 0.157242 0.042781 -0.010039 0.100133 0.031653 -0.044708 -0.003103 -0.074269 0.060796 -0.010740 -0.039789 0.001065 -0.047171 -0.001209 0.072013 0.012759 0.011219 -0.005433 -0.016107 -0.041909 -0.056995 -0.053238 -0.072731 0.015647 -0.034635 -0.046555 -0.005577 -0.031657 0.060115 0.029598 -0.075738 -0.013627 -0.046825 -0.037323 0.020230 0.018280 -0.010873 -0.072719 -0.231033 -0.097741 -0.072831 0.094180 0.049165 -0.014163 0.207287 0.154948 0.026036 -0.007462 0.004937 -0.025270 0.015864 0.001174 0.031615 -0.035668 -0.020815 
-0.033914 -0.146633 0.099403 0.005898 0.001707 0.090810 -0.239801 -0.015276 -0.036153 0.033449 0.230075 -0.242626 -0.046877 0.073028 0.288146 -0.338291 0.201831 0.112330 0.099767 -0.050390 0.060126 0.118011 0.205707 0.034898 -0.082701 0.203073 0.227053 0.110790 0.006989 0.109594 -0.109069 0.180488 -0.027388 -0.092557 0.107169 -0.061340 -0.003544 0.124035 0.023387 0.055229 0.072441 -0.034587 -0.065269 -0.015677 0.073056 0.131484 0.101751 0.052308 -0.089101 -0.041320 0.020590 -0.161103 -0.111294 -0.031393 0.009951 0.014775 0.035762 -0.022019 0.012078 -0.017780 0.005168 0.020393 
-0.021948 -0.161940 0.161574 -0.022774 -0.021527 0.151613 -0.090890 -0.164059 -0.031121 0.002514 -0.166642 -0.028195 0.071976 -0.044735 -0.017863 0.011769 -0.000051 -0.038596 -0.057587 -0.054588 -0.055801 -0.264742 -0.561497 0.054973 0.251129 -0.091672 -0.382130 -0.026157 0.084548 0.035544 -0.167654 0.126455 0.048771 -0.157315 0.051383 -0.015443 -0.004263 0.045311 0.039068 0.075370 0.061890 -0.028924 -0.031505 -0.041258 -0.009577 0.065730 0.054577 0.061591 -0.057615 -0.022973 0.057628 -0.094649 -0.056588 -0.016778 0.029479 0.001016 0.037647 0.003950 -0.000718 -0.013568 0.013395 0.002251 
-0.024528 -0.128493 0.190347 -0.035137 -0.035191 0.113664 -0.017170 -0.176017 -0.026984 -0.014817 -0.301645 0.202042 0.080409 -0.029549 -0.120004 0.203898 -0.180969 0.002485 -0.054438 0.195444 -0.011209 -0.047349 0.237629 -0.104865 -0.116231 -0.094004 0.179879 0.029616 0.033396 0.011931 0.218066 -0.215701 0.084124 0.237171 -0.084939 -0.051055 -0.054823 -0.004537 -0.027870 -0.020960 -0.046887 0.016813 0.054001 0.073238 0.086656 0.295977 0.056219 0.048018 -0.058965 -0.041986 -0.039520 -0.192091 -0.164696 -0.008768 -0.019175 -0.026089 -0.014774 -0.014337 -0.014033 -0.036873 0.058221 0.021132 
0.051157 0.213343 -0.157387 0.003162 -0.018516 -0.155610 0.163399 0.082933 0.034665 -0.032755 -0.182679 0.066696 0.059028 -0.067657 0.074157 -0.067647 0.039297 0.017960 -0.096039 -0.159892 -0.101608 0.130109 -0.007690 0.008934 -0.037958 -0.003555 -0.057134 -0.059166 -0.030920 -0.060002 -0.052253 0.016816 -0.049422 -0.053369 0.047136 -0.077037 0.028402 0.069268 -0.032719 0.094090 0.011488 -0.017570 -0.025544 0.054921 0.102882 0.138625 0.064270 0.078640 -0.082477 -0.049115 0.026350 -0.168111 -0.149020 -0.024951 0.033110 0.014817 0.026883 -0.007461 0.012506 -0.048525 0.027408 0.022153 
-0.039680 -0.108707 0.006434 0.022441 0.053569 0.004009 -0.081074 0.111219 0.004000 0.095958 0.462131 -0.059767 -0.269844 0.171599 -0.305112 0.329952 -0.159904 -0.224656 0.134189 0.244059 0.083339 -0.087937 -0.043285 0.070451 0.191018 0.099130 0.065260 0.110298 0.038622 0.100256 0.002415 0.053800 0.121011 0.011992 0.000776 -0.001296 -0.025680 0.040724 0.051127 -0.034341 0.024186 -0.028530 -0.009178 -0.053963 -0.020589 0.092199 0.007948 0.039624 -0.009955 0.033364 -0.005881 -0.059975 -0.022618 0.009917 -0.015401 -0.008524 0.014057 -0.003407 0.000531 -0.006084 0.000154 0.009696 
-0.035955 -0.177047 0.141937 -0.004599 -0.011401 0.082836 -0.217659 -0.080335 -0.010541 0.057560 0.086409 -0.166090 -0.014215 0.045614 0.139426 -0.237672 0.161729 0.033880 0.172485 -0.085704 0.101303 0.008734 -0.005990 0.056160 0.138803 -0.087805 -0.227969 -0.232123 -0.066614 -0.180125 0.373047 -0.338590 0.072899 0.274908 -0.126073 0.003948 -0.097901 -0.102376 0.024250 -0.018272 -0.051866 0.064937 0.077261 -0.020825 -0.076531 -0.069274 -0.042938 -0.058401 0.055317 0.016185 -0.020590 0.112724 0.098535 0.019159 -0.019046 -0.012373 -0.040989 0.020696 -0.009381 0.032695 -0.002539 -0.011995 
-0.032155 -0.164505 0.177621 -0.021991 -0.005367 0.217989 -0.070344 -0.189469 -0.058370 -0.065048 -0.134656 0.048681 0.138804 -0.059805 0.034567 0.001018 -0.044841 0.139523 -0.065228 0.134935 0.038963 -0.163340 0.055695 -0.116762 -0.195422 -0.018320 0.205727 0.173087 0.068652 0.146863 -0.169856 0.160424 -0.067667 -0.107357 0.003058 0.136767 0.039988 -0.088097 -0.002728 -0.126338 -0.005316 0.010859 -0.000305 -0.037096 -0.113245 -0.280729 -0.092274 -0.134820 0.118051 0.047849 -0.027782 0.275182 0.218318 0.022759 -0.032723 -0.010523 -0.031789 0.001855 -0.016352 0.069548 -0.047595 -0.039828 
0.044979 0.014037 -0.116116 -0.017464 0.078735 0.339538 0.346983 0.058844 -0.121714 0.027923 0.087300 -0.005409 0.046162 0.043223 -0.026534 -0.078258 0.112802 0.089422 0.187512 0.099226 0.085316 -0.083559 0.017538 -0.142722 0.026201 -0.073691 -0.069710 -0.005282 -0.087071 0.001275 -0.027047 -0.010153 -0.101116 -0.068432 -0.116873 0.052855 -0.047158 -0.091217 -0.127827 -0.034059 -0.010632 -0.023600 -0.033814 -0.018768 0.014025 0.096738 0.020923 0.019761 0.010956 0.008831 -0.031303 -0.075667 -0.057052 -0.048874 -0.020451 -0.015009 -0.000449 -0.002548 -0.012877 0.023934 0.002048 -0.018145 
-0.038278 -0.077451 0.039059 0.015782 -0.078697 -0.278574 -0.395794 0.086255 -0.090831 0.074278 -0.154074 0.093906 -0.126195 0.023698 0.068398 -0.002097 -0.188599 -0.057555 -0.186596 -0.104272 -0.106763 0.149353 -0.047721 0.131451 0.031036 0.056601 0.070304 0.006242 0.122700 0.055464 -0.042040 -0.035791 0.144549 0.025944 0.007877 -0.068382 -0.004255 0.026665 0.048078 0.014583 0.017096 -0.023653 -0.068130 0.186032 -0.000228 -0.106251 -0.102679 -0.089187 0.104645 0.114840 -0.044395 -0.044047 0.064482 0.005550 0.079460 -0.001242 -0.015181 0.016284 -0.017869 -0.002908 -0.016230 -0.011108 
-0.010970 -0.080507 0.111036 -0.013188 -0.026562 -0.003038 -0.096927 -0.068905 0.132879 0.019435 -0.322507 -0.031152 -0.084242 -0.090711 -0.266358 0.239229 0.419996 -0.422586 0.290026 -0.326640 0.112982 0.011325 0.153756 0.052419 -0.078973 0.133102 0.044570 -0.073473 -0.162402 -0.017365 -0.093808 0.101934 -0.092385 -0.024884 0.025190 0.059688 0.020513 -0.033528 0.010361 -0.010365 0.026088 -0.004201 0.021233 -0.056988 0.001513 -0.037514 0.037319 0.004339 0.004849 -0.023383 0.004018 0.008882 0.000201 -0.021114 -0.003439 -0.015502 0.008823 0.000043 -0.003834 0.037935 -0.019492 -0.030411 
-0.020890 0.123231 0.130253 0.011379 -0.015164 -0.196809 0.008819 -0.238315 0.350419 -0.182680 0.174437 -0.136587 0.142665 -0.098299 0.011329 0.089736 -0.021833 0.037828 -0.134535 0.069865 -0.019759 -0.088394 0.002802 0.044886 -0.080631 0.012727 0.006604 0.020096 0.010328 -0.089636 0.147976 0.051038 -0.017845 0.096730 0.206991 -0.005698 0.092997 0.142157 0.165704 0.044818 -0.014856 0.086190 0.172761 -0.256247 -0.027275 -0.001446 0.119308 0.108261 -0.196059 -0.201076 0.133272 0.217513 0.003861 0.091513 -0.091045 0.035464 0.023611 -0.022056 0.055678 -0.052080 0.028280 0.062004 
